generation,ID,score,rawScores,ownScore
0,102,8.000000,"[8.000000,9.000000,9.000000,10.000000]",8.000000
100,10186,17.000000,"[39.000000,36.000000,46.000000,17.000000]",17.000000
200,20171,29.000000,"[29.000000,31.000000,29.000000,40.000000]",29.000000
300,30177,28.000000,"[47.000000,35.000000,28.000000,37.000000]",28.000000
400,40182,30.000000,"[41.000000,43.000000,30.000000,37.000000]",30.000000
500,50151,28.000000,"[43.000000,29.000000,37.000000,28.000000]",28.000000
600,60164,30.000000,"[30.000000,31.000000,47.000000,40.000000]",30.000000
700,70167,30.000000,"[32.000000,30.000000,52.000000,31.000000]",30.000000
800,80164,32.000000,"[35.000000,32.000000,44.000000,35.000000]",32.000000
900,90166,30.000000,"[30.000000,48.000000,41.000000,31.000000]",30.000000
1000,100127,31.000000,"[31.000000,34.000000,43.000000,39.000000]",31.000000
1100,110179,26.000000,"[32.000000,26.000000,45.000000,43.000000]",26.000000
1200,120151,27.000000,"[27.000000,30.000000,39.000000,44.000000]",27.000000
1300,130182,34.000000,"[34.000000,35.000000,38.000000,41.000000]",34.000000
1400,140120,31.000000,"[33.000000,38.000000,43.000000,31.000000]",31.000000
1500,150188,30.000000,"[33.000000,39.000000,30.000000,47.000000]",30.000000
1600,160142,30.000000,"[41.000000,38.000000,40.000000,30.000000]",30.000000
1700,170144,24.000000,"[43.000000,24.000000,46.000000,33.000000]",24.000000
1800,180152,29.000000,"[29.000000,41.000000,33.000000,42.000000]",29.000000
1900,190149,30.000000,"[43.000000,39.000000,30.000000,36.000000]",30.000000
2000,200185,24.000000,"[36.000000,45.000000,24.000000,42.000000]",24.000000
2100,210164,32.000000,"[37.000000,34.000000,32.000000,42.000000]",32.000000
2200,220128,29.000000,"[38.000000,29.000000,39.000000,38.000000]",29.000000
2300,230104,31.000000,"[47.000000,31.000000,34.000000,32.000000]",31.000000
2400,240136,27.000000,"[32.000000,44.000000,49.000000,27.000000]",27.000000
2500,250112,30.000000,"[44.000000,38.000000,30.000000,37.000000]",30.000000
2600,260186,34.000000,"[38.000000,36.000000,37.000000,34.000000]",34.000000
2700,270123,31.000000,"[38.000000,36.000000,44.000000,31.000000]",31.000000
2800,280113,31.000000,"[35.000000,38.000000,38.000000,31.000000]",31.000000
2900,290166,30.000000,"[40.000000,30.000000,33.000000,36.000000]",30.000000
3000,300112,27.000000,"[31.000000,39.000000,27.000000,43.000000]",27.000000
3100,310135,31.000000,"[34.000000,41.000000,40.000000,31.000000]",31.000000
3200,320166,31.000000,"[38.000000,31.000000,34.000000,44.000000]",31.000000
3300,330178,29.000000,"[39.000000,29.000000,44.000000,35.000000]",29.000000
3400,340193,23.000000,"[43.000000,40.000000,23.000000,39.000000]",23.000000
3500,350162,31.000000,"[31.000000,40.000000,36.000000,42.000000]",31.000000
3600,360129,35.000000,"[38.000000,37.000000,35.000000,36.000000]",35.000000
3700,370118,34.000000,"[36.000000,35.000000,35.000000,34.000000]",34.000000
3800,380141,27.000000,"[27.000000,37.000000,34.000000,46.000000]",27.000000
3900,390145,30.000000,"[36.000000,31.000000,30.000000,44.000000]",30.000000
4000,400142,31.000000,"[32.000000,43.000000,31.000000,41.000000]",31.000000
4100,410101,29.000000,"[29.000000,36.000000,45.000000,35.000000]",29.000000
4200,420153,32.000000,"[43.000000,42.000000,33.000000,32.000000]",32.000000
4300,430111,28.000000,"[36.000000,28.000000,37.000000,43.000000]",28.000000
4400,440149,24.000000,"[43.000000,24.000000,41.000000,35.000000]",24.000000
4500,450122,25.000000,"[37.000000,32.000000,25.000000,31.000000]",25.000000
4600,460154,32.000000,"[36.000000,41.000000,33.000000,32.000000]",32.000000
4700,470104,29.000000,"[36.000000,29.000000,36.000000,44.000000]",29.000000
4800,480192,29.000000,"[36.000000,31.000000,50.000000,29.000000]",29.000000
4900,490129,31.000000,"[36.000000,31.000000,48.000000,35.000000]",31.000000
5000,500127,32.000000,"[35.000000,37.000000,42.000000,32.000000]",32.000000
5100,510158,31.000000,"[31.000000,36.000000,44.000000,35.000000]",31.000000
5200,520107,27.000000,"[41.000000,38.000000,39.000000,27.000000]",27.000000
5300,530108,34.000000,"[43.000000,34.000000,36.000000,34.000000]",34.000000
5400,540139,33.000000,"[33.000000,37.000000,46.000000,33.000000]",33.000000
5500,550126,28.000000,"[28.000000,35.000000,33.000000,43.000000]",28.000000
5600,560173,31.000000,"[32.000000,41.000000,42.000000,31.000000]",31.000000
5700,570176,31.000000,"[35.000000,31.000000,38.000000,45.000000]",31.000000
5800,580153,34.000000,"[41.000000,34.000000,37.000000,36.000000]",34.000000
5900,590128,25.000000,"[34.000000,25.000000,43.000000,46.000000]",25.000000
6000,600159,35.000000,"[39.000000,37.000000,36.000000,35.000000]",35.000000
6100,610129,27.000000,"[36.000000,40.000000,27.000000,43.000000]",27.000000
6200,620142,29.000000,"[29.000000,44.000000,29.000000,41.000000]",29.000000
6300,630135,30.000000,"[32.000000,38.000000,44.000000,30.000000]",30.000000
6400,640123,33.000000,"[40.000000,33.000000,35.000000,38.000000]",33.000000
6500,650110,32.000000,"[32.000000,42.000000,32.000000,37.000000]",32.000000
6600,660157,35.000000,"[37.000000,37.000000,37.000000,35.000000]",35.000000
6700,670195,33.000000,"[37.000000,33.000000,36.000000,41.000000]",33.000000
6800,680137,25.000000,"[25.000000,37.000000,34.000000,30.000000]",25.000000
6900,690154,34.000000,"[37.000000,34.000000,38.000000,36.000000]",34.000000
7000,700155,27.000000,"[35.000000,39.000000,43.000000,27.000000]",27.000000
7100,710198,31.000000,"[40.000000,31.000000,35.000000,32.000000]",31.000000
7200,720190,32.000000,"[34.000000,36.000000,43.000000,32.000000]",32.000000
7300,730100,27.000000,"[36.000000,47.000000,40.000000,27.000000]",27.000000
7400,740170,24.000000,"[33.000000,24.000000,41.000000,50.000000]",24.000000
7500,750162,27.000000,"[42.000000,40.000000,27.000000,37.000000]",27.000000
7600,760169,26.000000,"[32.000000,26.000000,52.000000,31.000000]",26.000000
7700,770175,31.000000,"[35.000000,31.000000,43.000000,35.000000]",31.000000
7800,780123,30.000000,"[36.000000,39.000000,30.000000,45.000000]",30.000000
7900,790104,33.000000,"[35.000000,43.000000,36.000000,33.000000]",33.000000
8000,800126,26.000000,"[26.000000,43.000000,33.000000,43.000000]",26.000000
8100,810100,33.000000,"[38.000000,36.000000,33.000000,42.000000]",33.000000
8200,820168,31.000000,"[35.000000,31.000000,38.000000,43.000000]",31.000000
8300,830166,33.000000,"[40.000000,33.000000,41.000000,37.000000]",33.000000
8400,840144,33.000000,"[33.000000,35.000000,36.000000,40.000000]",33.000000
8500,850120,32.000000,"[32.000000,38.000000,40.000000,34.000000]",32.000000
8600,860169,28.000000,"[28.000000,41.000000,33.000000,49.000000]",28.000000
8700,870146,30.000000,"[45.000000,32.000000,38.000000,30.000000]",30.000000
8800,880185,31.000000,"[40.000000,43.000000,34.000000,31.000000]",31.000000
8900,890165,28.000000,"[28.000000,30.000000,37.000000,42.000000]",28.000000
9000,900199,28.000000,"[28.000000,38.000000,39.000000,43.000000]",28.000000
9100,910121,31.000000,"[42.000000,31.000000,31.000000,37.000000]",31.000000
9200,920193,17.000000,"[25.000000,17.000000,27.000000,50.000000]",17.000000
9300,930111,34.000000,"[35.000000,45.000000,36.000000,34.000000]",34.000000
9400,940164,34.000000,"[36.000000,40.000000,34.000000,35.000000]",34.000000
9500,950183,27.000000,"[54.000000,34.000000,27.000000,35.000000]",27.000000
9600,960131,31.000000,"[39.000000,36.000000,34.000000,31.000000]",31.000000
9700,970171,27.000000,"[31.000000,48.000000,40.000000,27.000000]",27.000000
9800,980106,34.000000,"[35.000000,34.000000,40.000000,38.000000]",34.000000
9900,990198,30.000000,"[43.000000,44.000000,30.000000,32.000000]",30.000000
10000,1000167,28.000000,"[43.000000,38.000000,28.000000,41.000000]",28.000000
10100,1010160,23.000000,"[44.000000,37.000000,39.000000,23.000000]",23.000000
10200,1020172,30.000000,"[46.000000,30.000000,34.000000,38.000000]",30.000000
10300,1030158,29.000000,"[49.000000,39.000000,30.000000,29.000000]",29.000000
10400,1040145,30.000000,"[34.000000,38.000000,42.000000,30.000000]",30.000000
10500,1050153,29.000000,"[33.000000,29.000000,40.000000,47.000000]",29.000000
10600,1060161,29.000000,"[32.000000,44.000000,29.000000,39.000000]",29.000000
10700,1070124,30.000000,"[37.000000,30.000000,30.000000,52.000000]",30.000000
10800,1080144,32.000000,"[32.000000,34.000000,47.000000,35.000000]",32.000000
10900,1090117,26.000000,"[38.000000,41.000000,43.000000,26.000000]",26.000000
11000,1100141,27.000000,"[42.000000,27.000000,36.000000,49.000000]",27.000000
11100,1110106,29.000000,"[42.000000,31.000000,29.000000,42.000000]",29.000000
11200,1120182,30.000000,"[36.000000,34.000000,45.000000,30.000000]",30.000000
11300,1130195,32.000000,"[36.000000,35.000000,32.000000,38.000000]",32.000000
11400,1140139,28.000000,"[38.000000,47.000000,28.000000,33.000000]",28.000000
11500,1150160,28.000000,"[28.000000,38.000000,42.000000,39.000000]",28.000000
11600,1160115,25.000000,"[46.000000,34.000000,39.000000,25.000000]",25.000000
11700,1170109,31.000000,"[33.000000,46.000000,38.000000,31.000000]",31.000000
11800,1180158,32.000000,"[32.000000,33.000000,38.000000,45.000000]",32.000000
11900,1190152,25.000000,"[45.000000,38.000000,25.000000,34.000000]",25.000000
12000,1200184,28.000000,"[28.000000,43.000000,38.000000,37.000000]",28.000000
12100,1210173,32.000000,"[34.000000,34.000000,32.000000,47.000000]",32.000000
12200,1220146,30.000000,"[36.000000,35.000000,30.000000,48.000000]",30.000000
12300,1230165,33.000000,"[33.000000,34.000000,37.000000,41.000000]",33.000000
12400,1240197,29.000000,"[48.000000,29.000000,38.000000,33.000000]",29.000000
12500,1250131,29.000000,"[32.000000,29.000000,35.000000,50.000000]",29.000000
12600,1260182,31.000000,"[39.000000,31.000000,38.000000,38.000000]",31.000000
12700,1270176,24.000000,"[37.000000,24.000000,35.000000,49.000000]",24.000000
12800,1280118,30.000000,"[47.000000,37.000000,32.000000,30.000000]",30.000000
12900,1290125,32.000000,"[39.000000,32.000000,32.000000,41.000000]",32.000000
13000,1300116,31.000000,"[41.000000,40.000000,37.000000,31.000000]",31.000000
13100,1310104,33.000000,"[42.000000,33.000000,36.000000,34.000000]",33.000000
13200,1320115,30.000000,"[37.000000,42.000000,30.000000,36.000000]",30.000000
13300,1330144,33.000000,"[41.000000,38.000000,38.000000,33.000000]",33.000000
13400,1340142,31.000000,"[33.000000,52.000000,31.000000,36.000000]",31.000000
13500,1350133,35.000000,"[37.000000,35.000000,37.000000,36.000000]",35.000000
13600,1360186,36.000000,"[36.000000,39.000000,37.000000,37.000000]",36.000000
13700,1370174,33.000000,"[37.000000,33.000000,34.000000,41.000000]",33.000000
13800,1380176,27.000000,"[27.000000,39.000000,43.000000,39.000000]",27.000000
13900,1390179,25.000000,"[42.000000,36.000000,25.000000,45.000000]",25.000000
14000,1400105,32.000000,"[42.000000,34.000000,32.000000,36.000000]",32.000000
14100,1410141,33.000000,"[33.000000,39.000000,35.000000,40.000000]",33.000000
14200,1420177,34.000000,"[41.000000,37.000000,34.000000,39.000000]",34.000000
14300,1430188,37.000000,"[38.000000,37.000000,41.000000,38.000000]",37.000000
14400,1440146,32.000000,"[34.000000,35.000000,32.000000,34.000000]",32.000000
14500,1450179,31.000000,"[31.000000,31.000000,39.000000,46.000000]",31.000000
14600,1460173,29.000000,"[29.000000,37.000000,41.000000,38.000000]",29.000000
14700,1470129,27.000000,"[27.000000,38.000000,43.000000,35.000000]",27.000000
14800,1480104,33.000000,"[33.000000,39.000000,37.000000,39.000000]",33.000000
14900,1490188,20.000000,"[53.000000,38.000000,34.000000,20.000000]",20.000000
15000,1500189,27.000000,"[39.000000,27.000000,40.000000,42.000000]",27.000000
15100,1510177,28.000000,"[36.000000,38.000000,28.000000,38.000000]",28.000000
15200,1520108,31.000000,"[36.000000,43.000000,36.000000,31.000000]",31.000000
15300,1530182,31.000000,"[31.000000,41.000000,35.000000,39.000000]",31.000000
15400,1540195,30.000000,"[39.000000,36.000000,43.000000,30.000000]",30.000000
15500,1550173,23.000000,"[41.000000,42.000000,23.000000,42.000000]",23.000000
15600,1560131,32.000000,"[41.000000,35.000000,36.000000,32.000000]",32.000000
15700,1570173,34.000000,"[36.000000,42.000000,34.000000,38.000000]",34.000000
15800,1580142,26.000000,"[39.000000,38.000000,26.000000,42.000000]",26.000000
15900,1590168,34.000000,"[38.000000,34.000000,35.000000,37.000000]",34.000000
16000,1600169,35.000000,"[36.000000,39.000000,36.000000,35.000000]",35.000000
16100,1610101,34.000000,"[34.000000,40.000000,40.000000,35.000000]",34.000000
16200,1620159,28.000000,"[28.000000,41.000000,40.000000,36.000000]",28.000000
16300,1630167,32.000000,"[32.000000,39.000000,33.000000,46.000000]",32.000000
16400,1640101,31.000000,"[35.000000,37.000000,38.000000,31.000000]",31.000000
16500,1650156,31.000000,"[43.000000,31.000000,37.000000,36.000000]",31.000000
16600,1660134,27.000000,"[46.000000,35.000000,39.000000,27.000000]",27.000000
16700,1670118,27.000000,"[35.000000,27.000000,39.000000,43.000000]",27.000000
16800,1680163,31.000000,"[31.000000,38.000000,40.000000,42.000000]",31.000000
16900,1690148,29.000000,"[38.000000,44.000000,29.000000,37.000000]",29.000000
17000,1700171,25.000000,"[28.000000,43.000000,25.000000,52.000000]",25.000000
17100,1710110,25.000000,"[46.000000,39.000000,25.000000,36.000000]",25.000000
17200,1720137,34.000000,"[39.000000,34.000000,35.000000,36.000000]",34.000000
17300,1730194,30.000000,"[51.000000,34.000000,30.000000,32.000000]",30.000000
17400,1740129,32.000000,"[32.000000,36.000000,42.000000,39.000000]",32.000000
17500,1750150,29.000000,"[29.000000,37.000000,40.000000,39.000000]",29.000000
17600,1760128,33.000000,"[40.000000,41.000000,34.000000,33.000000]",33.000000
17700,1770149,33.000000,"[43.000000,37.000000,33.000000,36.000000]",33.000000
17800,1780150,31.000000,"[31.000000,47.000000,36.000000,34.000000]",31.000000
17900,1790130,30.000000,"[30.000000,44.000000,33.000000,39.000000]",30.000000
18000,1800152,24.000000,"[48.000000,44.000000,24.000000,33.000000]",24.000000
18100,1810129,31.000000,"[33.000000,31.000000,43.000000,39.000000]",31.000000
18200,1820119,33.000000,"[39.000000,41.000000,33.000000,33.000000]",33.000000
18300,1830161,34.000000,"[37.000000,34.000000,37.000000,41.000000]",34.000000
18400,1840134,35.000000,"[35.000000,37.000000,35.000000,43.000000]",35.000000
18500,1850121,34.000000,"[35.000000,34.000000,40.000000,40.000000]",34.000000
18600,1860129,28.000000,"[32.000000,37.000000,28.000000,39.000000]",28.000000
18700,1870117,28.000000,"[40.000000,28.000000,38.000000,40.000000]",28.000000
18800,1880108,33.000000,"[33.000000,38.000000,33.000000,43.000000]",33.000000
18900,1890109,28.000000,"[28.000000,43.000000,38.000000,36.000000]",28.000000
19000,1900132,31.000000,"[32.000000,43.000000,36.000000,31.000000]",31.000000
19100,1910192,28.000000,"[30.000000,28.000000,37.000000,49.000000]",28.000000
19200,1920181,30.000000,"[34.000000,35.000000,30.000000,44.000000]",30.000000
19300,1930134,31.000000,"[34.000000,36.000000,44.000000,31.000000]",31.000000
19400,1940156,32.000000,"[33.000000,36.000000,47.000000,32.000000]",32.000000
19500,1950108,26.000000,"[26.000000,31.000000,29.000000,27.000000]",26.000000
19600,1960172,30.000000,"[37.000000,42.000000,30.000000,35.000000]",30.000000
19700,1970155,27.000000,"[44.000000,32.000000,27.000000,42.000000]",27.000000
19800,1980129,25.000000,"[40.000000,34.000000,25.000000,45.000000]",25.000000
19900,1990123,33.000000,"[33.000000,39.000000,42.000000,34.000000]",33.000000
20000,2000187,30.000000,"[30.000000,34.000000,39.000000,37.000000]",30.000000
20100,2010145,30.000000,"[32.000000,39.000000,42.000000,30.000000]",30.000000
20200,2020145,30.000000,"[43.000000,39.000000,36.000000,30.000000]",30.000000
20300,2030151,26.000000,"[40.000000,45.000000,26.000000,34.000000]",26.000000
20400,2040159,27.000000,"[45.000000,27.000000,35.000000,35.000000]",27.000000
20500,2050118,32.000000,"[34.000000,40.000000,32.000000,39.000000]",32.000000
20600,2060105,23.000000,"[23.000000,44.000000,43.000000,38.000000]",23.000000
20700,2070110,30.000000,"[30.000000,42.000000,39.000000,41.000000]",30.000000
20800,2080130,24.000000,"[44.000000,24.000000,38.000000,43.000000]",24.000000
20900,2090156,32.000000,"[34.000000,32.000000,40.000000,36.000000]",32.000000
21000,2100168,35.000000,"[38.000000,35.000000,35.000000,42.000000]",35.000000
21100,2110183,27.000000,"[32.000000,27.000000,36.000000,50.000000]",27.000000
21200,2120127,30.000000,"[37.000000,41.000000,38.000000,30.000000]",30.000000
21300,2130173,31.000000,"[31.000000,33.000000,43.000000,36.000000]",31.000000
21400,2140129,32.000000,"[41.000000,35.000000,32.000000,35.000000]",32.000000
21500,2150130,28.000000,"[41.000000,28.000000,41.000000,34.000000]",28.000000
21600,2160173,34.000000,"[34.000000,36.000000,35.000000,42.000000]",34.000000
21700,2170124,28.000000,"[33.000000,40.000000,47.000000,28.000000]",28.000000
21800,2180150,32.000000,"[34.000000,40.000000,32.000000,39.000000]",32.000000
21900,2190133,33.000000,"[36.000000,33.000000,37.000000,41.000000]",33.000000
22000,2200126,28.000000,"[38.000000,41.000000,41.000000,28.000000]",28.000000
22100,2210197,31.000000,"[35.000000,40.000000,44.000000,31.000000]",31.000000
22200,2220144,31.000000,"[31.000000,45.000000,38.000000,33.000000]",31.000000
22300,2230154,33.000000,"[39.000000,33.000000,35.000000,42.000000]",33.000000
22400,2240167,33.000000,"[35.000000,44.000000,34.000000,33.000000]",33.000000
22500,2250105,33.000000,"[37.000000,33.000000,39.000000,37.000000]",33.000000
22600,2260116,27.000000,"[46.000000,35.000000,41.000000,27.000000]",27.000000
22700,2270147,33.000000,"[33.000000,38.000000,41.000000,36.000000]",33.000000
22800,2280158,27.000000,"[27.000000,35.000000,35.000000,46.000000]",27.000000
22900,2290111,31.000000,"[38.000000,35.000000,40.000000,31.000000]",31.000000
23000,2300194,30.000000,"[30.000000,36.000000,42.000000,39.000000]",30.000000
23100,2310136,28.000000,"[40.000000,28.000000,37.000000,39.000000]",28.000000
23200,2320178,28.000000,"[35.000000,39.000000,36.000000,28.000000]",28.000000
23300,2330179,31.000000,"[35.000000,34.000000,31.000000,45.000000]",31.000000
23400,2340112,35.000000,"[36.000000,35.000000,41.000000,37.000000]",35.000000
23500,2350129,28.000000,"[43.000000,40.000000,28.000000,40.000000]",28.000000
23600,2360187,30.000000,"[30.000000,46.000000,32.000000,39.000000]",30.000000
23700,2370137,33.000000,"[39.000000,40.000000,33.000000,33.000000]",33.000000
23800,2380186,31.000000,"[42.000000,36.000000,31.000000,34.000000]",31.000000
23900,2390117,30.000000,"[37.000000,30.000000,33.000000,44.000000]",30.000000
24000,2400152,31.000000,"[31.000000,36.000000,34.000000,46.000000]",31.000000
24100,2410187,30.000000,"[42.000000,37.000000,30.000000,41.000000]",30.000000
24200,2420195,30.000000,"[43.000000,30.000000,40.000000,32.000000]",30.000000
24300,2430104,31.000000,"[31.000000,42.000000,35.000000,38.000000]",31.000000
24400,2440130,31.000000,"[35.000000,45.000000,31.000000,37.000000]",31.000000
24500,2450144,32.000000,"[43.000000,36.000000,35.000000,32.000000]",32.000000
24600,2460198,32.000000,"[39.000000,41.000000,37.000000,32.000000]",32.000000
24700,2470115,26.000000,"[35.000000,39.000000,26.000000,46.000000]",26.000000
24800,2480122,33.000000,"[45.000000,33.000000,36.000000,34.000000]",33.000000
24900,2490166,29.000000,"[33.000000,47.000000,31.000000,29.000000]",29.000000
25000,2500119,24.000000,"[38.000000,48.000000,24.000000,32.000000]",24.000000
25100,2510172,26.000000,"[26.000000,43.000000,40.000000,38.000000]",26.000000
25200,2520197,21.000000,"[43.000000,21.000000,28.000000,44.000000]",21.000000
25300,2530111,32.000000,"[32.000000,36.000000,39.000000,40.000000]",32.000000
25400,2540136,27.000000,"[38.000000,27.000000,34.000000,32.000000]",27.000000
25500,2550117,33.000000,"[37.000000,33.000000,40.000000,36.000000]",33.000000
25600,2560185,25.000000,"[25.000000,43.000000,30.000000,46.000000]",25.000000
25700,2570104,24.000000,"[43.000000,51.000000,32.000000,24.000000]",24.000000
25800,2580178,30.000000,"[38.000000,30.000000,43.000000,38.000000]",30.000000
25900,2590107,33.000000,"[40.000000,41.000000,36.000000,33.000000]",33.000000
26000,2600120,34.000000,"[34.000000,44.000000,36.000000,34.000000]",34.000000
26100,2610127,36.000000,"[36.000000,37.000000,36.000000,36.000000]",36.000000
26200,2620122,25.000000,"[37.000000,45.000000,25.000000,40.000000]",25.000000
26300,2630188,29.000000,"[29.000000,41.000000,38.000000,43.000000]",29.000000
26400,2640119,27.000000,"[49.000000,38.000000,27.000000,35.000000]",27.000000
26500,2650162,30.000000,"[30.000000,39.000000,39.000000,31.000000]",30.000000
26600,2660197,33.000000,"[35.000000,33.000000,38.000000,41.000000]",33.000000
26700,2670113,30.000000,"[35.000000,40.000000,30.000000,41.000000]",30.000000
26800,2680166,23.000000,"[23.000000,41.000000,36.000000,45.000000]",23.000000
26900,2690155,30.000000,"[30.000000,43.000000,38.000000,37.000000]",30.000000
27000,2700112,28.000000,"[49.000000,28.000000,36.000000,35.000000]",28.000000
27100,2710193,29.000000,"[37.000000,41.000000,41.000000,29.000000]",29.000000
27200,2720178,19.000000,"[19.000000,54.000000,32.000000,36.000000]",19.000000
27300,2730169,31.000000,"[31.000000,37.000000,40.000000,42.000000]",31.000000
27400,2740116,32.000000,"[39.000000,36.000000,32.000000,38.000000]",32.000000
27500,2750155,32.000000,"[49.000000,36.000000,37.000000,32.000000]",32.000000
27600,2760185,32.000000,"[32.000000,36.000000,42.000000,37.000000]",32.000000
27700,2770170,31.000000,"[46.000000,31.000000,38.000000,32.000000]",31.000000
27800,2780156,32.000000,"[46.000000,33.000000,32.000000,38.000000]",32.000000
27900,2790180,30.000000,"[30.000000,45.000000,38.000000,40.000000]",30.000000
28000,2800143,32.000000,"[35.000000,42.000000,32.000000,34.000000]",32.000000
28100,2810101,28.000000,"[28.000000,41.000000,35.000000,42.000000]",28.000000
28200,2820167,31.000000,"[32.000000,31.000000,37.000000,45.000000]",31.000000
28300,2830127,28.000000,"[33.000000,28.000000,44.000000,40.000000]",28.000000
28400,2840152,33.000000,"[37.000000,33.000000,33.000000,42.000000]",33.000000
28500,2850113,29.000000,"[44.000000,33.000000,41.000000,29.000000]",29.000000
28600,2860130,30.000000,"[49.000000,35.000000,36.000000,30.000000]",30.000000
28700,2870191,33.000000,"[34.000000,44.000000,33.000000,38.000000]",33.000000
28800,2880142,25.000000,"[40.000000,45.000000,25.000000,37.000000]",25.000000
28900,2890145,32.000000,"[41.000000,32.000000,46.000000,32.000000]",32.000000
29000,2900174,34.000000,"[41.000000,37.000000,34.000000,34.000000]",34.000000
29100,2910130,27.000000,"[37.000000,41.000000,45.000000,27.000000]",27.000000
29200,2920159,32.000000,"[36.000000,37.000000,32.000000,39.000000]",32.000000
29300,2930184,30.000000,"[32.000000,35.000000,30.000000,48.000000]",30.000000
29400,2940148,30.000000,"[30.000000,39.000000,44.000000,37.000000]",30.000000
29500,2950131,30.000000,"[30.000000,45.000000,30.000000,38.000000]",30.000000
29600,2960116,25.000000,"[25.000000,44.000000,46.000000,36.000000]",25.000000
29700,2970100,25.000000,"[39.000000,25.000000,37.000000,45.000000]",25.000000
29800,2980169,28.000000,"[40.000000,28.000000,37.000000,40.000000]",28.000000
29900,2990172,36.000000,"[39.000000,36.000000,37.000000,37.000000]",36.000000
30000,3000173,29.000000,"[40.000000,29.000000,44.000000,35.000000]",29.000000
30100,3010174,35.000000,"[43.000000,35.000000,35.000000,36.000000]",35.000000
30200,3020186,32.000000,"[48.000000,32.000000,36.000000,32.000000]",32.000000
30300,3030126,32.000000,"[32.000000,37.000000,40.000000,38.000000]",32.000000
30400,3040103,26.000000,"[26.000000,52.000000,38.000000,31.000000]",26.000000
30500,3050178,32.000000,"[32.000000,36.000000,43.000000,39.000000]",32.000000
30600,3060183,28.000000,"[42.000000,31.000000,47.000000,28.000000]",28.000000
30700,3070106,26.000000,"[45.000000,38.000000,26.000000,33.000000]",26.000000
30800,3080141,32.000000,"[32.000000,43.000000,40.000000,35.000000]",32.000000
30900,3090195,29.000000,"[29.000000,40.000000,35.000000,40.000000]",29.000000
31000,3100190,33.000000,"[33.000000,45.000000,37.000000,34.000000]",33.000000
31100,3110192,30.000000,"[30.000000,42.000000,38.000000,40.000000]",30.000000
31200,3120174,34.000000,"[34.000000,36.000000,43.000000,34.000000]",34.000000
31300,3130190,33.000000,"[33.000000,38.000000,37.000000,36.000000]",33.000000
31400,3140187,36.000000,"[38.000000,36.000000,37.000000,36.000000]",36.000000
31500,3150169,30.000000,"[34.000000,40.000000,30.000000,35.000000]",30.000000
31600,3160106,27.000000,"[31.000000,27.000000,35.000000,33.000000]",27.000000
31700,3170143,33.000000,"[35.000000,38.000000,33.000000,41.000000]",33.000000
31800,3180174,34.000000,"[38.000000,34.000000,38.000000,37.000000]",34.000000
31900,3190165,36.000000,"[38.000000,36.000000,39.000000,37.000000]",36.000000
32000,3200187,34.000000,"[38.000000,37.000000,37.000000,34.000000]",34.000000
32100,3210183,34.000000,"[35.000000,40.000000,34.000000,36.000000]",34.000000
32200,3220157,34.000000,"[40.000000,39.000000,34.000000,35.000000]",34.000000
32300,3230121,30.000000,"[34.000000,30.000000,38.000000,38.000000]",30.000000
32400,3240191,28.000000,"[28.000000,30.000000,30.000000,32.000000]",28.000000
32500,3250169,32.000000,"[32.000000,32.000000,39.000000,39.000000]",32.000000
32600,3260195,35.000000,"[35.000000,39.000000,37.000000,38.000000]",35.000000
32700,3270183,35.000000,"[36.000000,38.000000,37.000000,35.000000]",35.000000
32800,3280111,37.000000,"[38.000000,37.000000,37.000000,38.000000]",37.000000
32900,3290176,29.000000,"[36.000000,29.000000,29.000000,34.000000]",29.000000
33000,3300181,34.000000,"[38.000000,34.000000,40.000000,37.000000]",34.000000
33100,3310198,34.000000,"[34.000000,36.000000,38.000000,37.000000]",34.000000
33200,3320109,31.000000,"[39.000000,31.000000,32.000000,40.000000]",31.000000
33300,3330185,34.000000,"[35.000000,39.000000,38.000000,34.000000]",34.000000
33400,3340191,34.000000,"[34.000000,36.000000,39.000000,38.000000]",34.000000
33500,3350151,31.000000,"[34.000000,31.000000,32.000000,38.000000]",31.000000
33600,3360132,29.000000,"[41.000000,37.000000,29.000000,37.000000]",29.000000
33700,3370109,32.000000,"[39.000000,32.000000,36.000000,34.000000]",32.000000
33800,3380171,33.000000,"[38.000000,34.000000,37.000000,33.000000]",33.000000
33900,3390108,37.000000,"[37.000000,37.000000,37.000000,41.000000]",37.000000
34000,3400149,34.000000,"[34.000000,38.000000,36.000000,39.000000]",34.000000
34100,3410109,32.000000,"[32.000000,35.000000,36.000000,33.000000]",32.000000
34200,3420133,34.000000,"[35.000000,34.000000,35.000000,37.000000]",34.000000
34300,3430178,29.000000,"[33.000000,29.000000,38.000000,33.000000]",29.000000
34400,3440182,30.000000,"[36.000000,30.000000,33.000000,37.000000]",30.000000
34500,3450191,34.000000,"[37.000000,34.000000,36.000000,42.000000]",34.000000
34600,3460132,31.000000,"[38.000000,33.000000,31.000000,37.000000]",31.000000
34700,3470108,34.000000,"[38.000000,39.000000,39.000000,34.000000]",34.000000
34800,3480198,33.000000,"[40.000000,35.000000,41.000000,33.000000]",33.000000
34900,3490162,32.000000,"[32.000000,33.000000,34.000000,33.000000]",32.000000
35000,3500145,34.000000,"[36.000000,39.000000,37.000000,34.000000]",34.000000
35100,3510146,32.000000,"[36.000000,34.000000,32.000000,32.000000]",32.000000
35200,3520106,33.000000,"[34.000000,33.000000,33.000000,36.000000]",33.000000
35300,3530145,30.000000,"[30.000000,33.000000,36.000000,33.000000]",30.000000
35400,3540144,34.000000,"[35.000000,35.000000,39.000000,34.000000]",34.000000
35500,3550102,36.000000,"[39.000000,36.000000,38.000000,37.000000]",36.000000
35600,3560165,34.000000,"[34.000000,41.000000,38.000000,39.000000]",34.000000
35700,3570124,33.000000,"[38.000000,39.000000,33.000000,35.000000]",33.000000
35800,3580172,32.000000,"[38.000000,32.000000,38.000000,37.000000]",32.000000
35900,3590192,34.000000,"[40.000000,40.000000,34.000000,37.000000]",34.000000
36000,3600161,35.000000,"[39.000000,37.000000,35.000000,40.000000]",35.000000
36100,3610190,32.000000,"[32.000000,32.000000,37.000000,37.000000]",32.000000
36200,3620169,33.000000,"[35.000000,36.000000,33.000000,35.000000]",33.000000
36300,3630147,28.000000,"[29.000000,33.000000,32.000000,28.000000]",28.000000
36400,3640102,34.000000,"[34.000000,40.000000,39.000000,37.000000]",34.000000
36500,3650153,32.000000,"[38.000000,37.000000,39.000000,32.000000]",32.000000
36600,3660145,33.000000,"[35.000000,37.000000,33.000000,34.000000]",33.000000
36700,3670132,32.000000,"[35.000000,37.000000,33.000000,32.000000]",32.000000
36800,3680181,35.000000,"[38.000000,35.000000,37.000000,39.000000]",35.000000
36900,3690124,30.000000,"[33.000000,36.000000,31.000000,30.000000]",30.000000
37000,3700156,32.000000,"[32.000000,39.000000,35.000000,38.000000]",32.000000
37100,3710103,33.000000,"[33.000000,36.000000,35.000000,37.000000]",33.000000
37200,3720152,34.000000,"[36.000000,40.000000,34.000000,36.000000]",34.000000
37300,3730173,35.000000,"[35.000000,37.000000,40.000000,36.000000]",35.000000
37400,3740188,34.000000,"[34.000000,40.000000,35.000000,36.000000]",34.000000
37500,3750143,36.000000,"[36.000000,41.000000,37.000000,36.000000]",36.000000
37600,3760175,34.000000,"[39.000000,38.000000,34.000000,36.000000]",34.000000
37700,3770102,35.000000,"[38.000000,35.000000,35.000000,40.000000]",35.000000
37800,3780146,30.000000,"[35.000000,36.000000,30.000000,37.000000]",30.000000
37900,3790152,36.000000,"[40.000000,38.000000,36.000000,36.000000]",36.000000
38000,3800177,33.000000,"[39.000000,35.000000,33.000000,37.000000]",33.000000
38100,3810153,36.000000,"[36.000000,39.000000,37.000000,39.000000]",36.000000
38200,3820195,33.000000,"[33.000000,35.000000,36.000000,41.000000]",33.000000
38300,3830114,28.000000,"[35.000000,31.000000,28.000000,32.000000]",28.000000
38400,3840177,35.000000,"[35.000000,37.000000,37.000000,40.000000]",35.000000
38500,3850149,36.000000,"[36.000000,38.000000,37.000000,40.000000]",36.000000
38600,3860159,31.000000,"[39.000000,38.000000,39.000000,31.000000]",31.000000
38700,3870156,33.000000,"[45.000000,35.000000,38.000000,33.000000]",33.000000
38800,3880149,37.000000,"[37.000000,37.000000,38.000000,39.000000]",37.000000
38900,3890188,26.000000,"[34.000000,26.000000,35.000000,35.000000]",26.000000
39000,3900138,36.000000,"[39.000000,39.000000,36.000000,36.000000]",36.000000
39100,3910142,28.000000,"[34.000000,28.000000,29.000000,29.000000]",28.000000
39200,3920182,28.000000,"[35.000000,32.000000,28.000000,34.000000]",28.000000
39300,3930195,32.000000,"[32.000000,33.000000,35.000000,35.000000]",32.000000
39400,3940107,34.000000,"[37.000000,35.000000,36.000000,34.000000]",34.000000
39500,3950109,23.000000,"[23.000000,27.000000,27.000000,23.000000]",23.000000
39600,3960117,34.000000,"[37.000000,34.000000,36.000000,34.000000]",34.000000
39700,3970146,29.000000,"[38.000000,32.000000,32.000000,29.000000]",29.000000
39800,3980128,34.000000,"[38.000000,42.000000,35.000000,34.000000]",34.000000
39900,3990162,33.000000,"[33.000000,36.000000,33.000000,37.000000]",33.000000
40000,4000133,36.000000,"[39.000000,36.000000,39.000000,37.000000]",36.000000
40100,4010186,36.000000,"[37.000000,39.000000,36.000000,39.000000]",36.000000
40200,4020193,33.000000,"[33.000000,37.000000,40.000000,38.000000]",33.000000
40300,4030119,31.000000,"[37.000000,36.000000,36.000000,31.000000]",31.000000
40400,4040144,18.000000,"[18.000000,22.000000,21.000000,22.000000]",18.000000
40500,4050137,33.000000,"[33.000000,39.000000,35.000000,41.000000]",33.000000
40600,4060122,32.000000,"[35.000000,32.000000,35.000000,33.000000]",32.000000
40700,4070186,30.000000,"[38.000000,36.000000,38.000000,30.000000]",30.000000
40800,4080119,37.000000,"[38.000000,37.000000,37.000000,39.000000]",37.000000
40900,4090195,30.000000,"[35.000000,37.000000,37.000000,30.000000]",30.000000
41000,4100184,33.000000,"[34.000000,36.000000,37.000000,33.000000]",33.000000
41100,4110137,28.000000,"[31.000000,39.000000,36.000000,28.000000]",28.000000
41200,4120192,37.000000,"[41.000000,38.000000,37.000000,37.000000]",37.000000
41300,4130118,36.000000,"[42.000000,38.000000,37.000000,36.000000]",36.000000
41400,4140137,30.000000,"[30.000000,38.000000,33.000000,32.000000]",30.000000
41500,4150113,32.000000,"[37.000000,34.000000,32.000000,39.000000]",32.000000
41600,4160128,33.000000,"[38.000000,37.000000,33.000000,37.000000]",33.000000
41700,4170177,28.000000,"[31.000000,30.000000,29.000000,28.000000]",28.000000
41800,4180186,35.000000,"[38.000000,35.000000,36.000000,36.000000]",35.000000
41900,4190125,23.000000,"[34.000000,23.000000,32.000000,35.000000]",23.000000
42000,4200156,31.000000,"[34.000000,34.000000,31.000000,34.000000]",31.000000
42100,4210186,35.000000,"[36.000000,35.000000,35.000000,41.000000]",35.000000
42200,4220160,31.000000,"[33.000000,33.000000,31.000000,34.000000]",31.000000
42300,4230174,28.000000,"[31.000000,36.000000,33.000000,28.000000]",28.000000
42400,4240198,35.000000,"[37.000000,39.000000,39.000000,35.000000]",35.000000
42500,4250178,33.000000,"[35.000000,39.000000,33.000000,35.000000]",33.000000
42600,4260164,34.000000,"[38.000000,34.000000,39.000000,39.000000]",34.000000
42700,4270122,30.000000,"[30.000000,36.000000,38.000000,35.000000]",30.000000
42800,4280102,35.000000,"[40.000000,38.000000,39.000000,35.000000]",35.000000
42900,4290121,34.000000,"[34.000000,36.000000,39.000000,37.000000]",34.000000
43000,4300184,30.000000,"[35.000000,38.000000,35.000000,30.000000]",30.000000
43100,4310191,32.000000,"[34.000000,43.000000,32.000000,38.000000]",32.000000
43200,4320103,34.000000,"[34.000000,38.000000,38.000000,39.000000]",34.000000
43300,4330158,32.000000,"[32.000000,39.000000,40.000000,41.000000]",32.000000
43400,4340142,34.000000,"[34.000000,38.000000,37.000000,40.000000]",34.000000
43500,4350117,26.000000,"[35.000000,33.000000,26.000000,30.000000]",26.000000
43600,4360137,31.000000,"[37.000000,44.000000,31.000000,40.000000]",31.000000
43700,4370101,31.000000,"[31.000000,38.000000,33.000000,35.000000]",31.000000
43800,4380136,34.000000,"[40.000000,34.000000,37.000000,38.000000]",34.000000
43900,4390153,31.000000,"[31.000000,38.000000,31.000000,39.000000]",31.000000
44000,4400188,32.000000,"[38.000000,40.000000,32.000000,34.000000]",32.000000
44100,4410135,35.000000,"[36.000000,42.000000,35.000000,35.000000]",35.000000
44200,4420180,34.000000,"[35.000000,34.000000,42.000000,39.000000]",34.000000
44300,4430105,33.000000,"[37.000000,33.000000,41.000000,35.000000]",33.000000
44400,4440106,31.000000,"[31.000000,34.000000,31.000000,35.000000]",31.000000
44500,4450160,36.000000,"[36.000000,39.000000,37.000000,36.000000]",36.000000
44600,4460125,33.000000,"[38.000000,33.000000,38.000000,36.000000]",33.000000
44700,4470119,35.000000,"[35.000000,38.000000,36.000000,39.000000]",35.000000
44800,4480197,35.000000,"[41.000000,38.000000,35.000000,35.000000]",35.000000
44900,4490170,34.000000,"[39.000000,36.000000,37.000000,34.000000]",34.000000
45000,4500160,34.000000,"[39.000000,34.000000,38.000000,38.000000]",34.000000
45100,4510130,35.000000,"[35.000000,41.000000,35.000000,37.000000]",35.000000
45200,4520155,31.000000,"[35.000000,31.000000,38.000000,37.000000]",31.000000
45300,4530119,35.000000,"[37.000000,35.000000,36.000000,38.000000]",35.000000
45400,4540183,33.000000,"[37.000000,35.000000,37.000000,33.000000]",33.000000
45500,4550173,34.000000,"[38.000000,34.000000,35.000000,35.000000]",34.000000
45600,4560136,35.000000,"[37.000000,38.000000,40.000000,35.000000]",35.000000
45700,4570164,35.000000,"[39.000000,35.000000,38.000000,36.000000]",35.000000
45800,4580107,30.000000,"[30.000000,36.000000,35.000000,34.000000]",30.000000
45900,4590187,35.000000,"[38.000000,35.000000,39.000000,36.000000]",35.000000
46000,4600152,36.000000,"[36.000000,38.000000,38.000000,36.000000]",36.000000
46100,4610124,32.000000,"[38.000000,40.000000,37.000000,32.000000]",32.000000
46200,4620198,30.000000,"[33.000000,30.000000,34.000000,31.000000]",30.000000
46300,4630120,32.000000,"[36.000000,37.000000,34.000000,32.000000]",32.000000
46400,4640179,32.000000,"[41.000000,33.000000,35.000000,32.000000]",32.000000
46500,4650197,29.000000,"[29.000000,36.000000,36.000000,35.000000]",29.000000
46600,4660124,35.000000,"[35.000000,35.000000,41.000000,37.000000]",35.000000
46700,4670111,27.000000,"[39.000000,34.000000,27.000000,35.000000]",27.000000
46800,4680114,34.000000,"[34.000000,39.000000,36.000000,38.000000]",34.000000
46900,4690137,31.000000,"[38.000000,34.000000,31.000000,37.000000]",31.000000
47000,4700102,34.000000,"[39.000000,41.000000,34.000000,38.000000]",34.000000
47100,4710103,34.000000,"[34.000000,36.000000,37.000000,41.000000]",34.000000
47200,4720122,36.000000,"[36.000000,36.000000,37.000000,36.000000]",36.000000
47300,4730163,32.000000,"[35.000000,37.000000,38.000000,32.000000]",32.000000
47400,4740130,28.000000,"[37.000000,35.000000,35.000000,28.000000]",28.000000
47500,4750114,34.000000,"[34.000000,35.000000,40.000000,36.000000]",34.000000
47600,4760156,32.000000,"[40.000000,38.000000,37.000000,32.000000]",32.000000
47700,4770181,32.000000,"[32.000000,37.000000,44.000000,36.000000]",32.000000
47800,4780145,31.000000,"[31.000000,32.000000,37.000000,32.000000]",31.000000
47900,4790172,32.000000,"[39.000000,32.000000,38.000000,39.000000]",32.000000
48000,4800119,34.000000,"[36.000000,40.000000,34.000000,37.000000]",34.000000
48100,4810179,36.000000,"[37.000000,39.000000,36.000000,39.000000]",36.000000
48200,4820166,33.000000,"[37.000000,33.000000,41.000000,40.000000]",33.000000
48300,4830178,31.000000,"[37.000000,31.000000,32.000000,37.000000]",31.000000
48400,4840172,36.000000,"[36.000000,36.000000,41.000000,39.000000]",36.000000
48500,4850159,33.000000,"[33.000000,37.000000,37.000000,42.000000]",33.000000
48600,4860145,36.000000,"[37.000000,36.000000,37.000000,38.000000]",36.000000
48700,4870166,34.000000,"[38.000000,37.000000,34.000000,39.000000]",34.000000
48800,4880115,35.000000,"[35.000000,35.000000,38.000000,36.000000]",35.000000
48900,4890125,33.000000,"[33.000000,35.000000,42.000000,38.000000]",33.000000
49000,4900103,29.000000,"[29.000000,41.000000,35.000000,36.000000]",29.000000
49100,4910139,35.000000,"[39.000000,35.000000,35.000000,38.000000]",35.000000
49200,4920177,30.000000,"[36.000000,30.000000,32.000000,35.000000]",30.000000
49300,4930112,29.000000,"[38.000000,36.000000,29.000000,35.000000]",29.000000
49400,4940126,29.000000,"[30.000000,36.000000,29.000000,36.000000]",29.000000
49500,4950141,35.000000,"[37.000000,35.000000,36.000000,37.000000]",35.000000
49600,4960198,30.000000,"[31.000000,30.000000,32.000000,31.000000]",30.000000
49700,4970190,34.000000,"[38.000000,35.000000,34.000000,36.000000]",34.000000
49700,4970190,34.0,"[38.000000,35.000000,34.000000,36.000000]",34.0
49700,4970190,34.0,"[38.000000,35.000000,34.000000,36.000000]",34.0
